Instance    Distance
-----------------------------------------------------------------------------
2 1 11 8 12 4 3 7 6 5 0 10 9 13    -1    2565976594    300
6 10 12 5 4 8 7 0 9 3 1 11 2 13    22    724541    0.0932792
8 11 0 2 4 1 12 6 9 3 5 7 10 13    -1    2326968803    300
3 6 11 8 5 12 7 0 9 1 4 2 10 13    -1    2390954066    300
5 7 12 6 0 3 9 8 1 2 10 4 11 13    -1    2318438437    300
7 4 12 11 0 3 8 9 2 6 1 10 5 13    -1    2210181431    300
3 6 12 2 8 1 7 5 9 0 4 11 10 13    -1    2056800217    300
2 1 7 6 4 0 11 5 8 9 12 10 3 13    21    490748    0.0592035
10 11 3 2 5 9 8 7 12 6 0 4 1 13    17    148373    0.0175595
0 11 9 12 8 7 4 1 2 5 3 10 6 13    28    11105605    1.39365
