Instance    Distance
-----------------------------------------------------------------------------
11 9 0 6 7 8 2 10 5 1 3 4 12 13    29    163958    0.0199658
4 5 2 10 1 11 0 3 8 7 9 12 6 13    22    2923468    0.36215
3 7 8 6 9 0 4 11 12 5 2 1 10 13    -1    2231976923    300
4 10 5 11 3 6 7 8 2 0 12 1 9 13    18    1242079    0.140926
8 5 10 0 6 2 1 4 12 11 9 7 3 13    25    406014    0.0482118
1 11 7 3 2 9 5 6 12 8 0 4 10 13    16    53962    0.00591413
2 1 0 7 4 9 8 3 10 12 11 5 6 13    -1    2333329561    300
1 9 8 3 12 4 5 6 0 7 2 10 11 13    25    93021    0.0108269
11 7 8 9 2 6 10 5 12 3 0 4 1 13    26    652597    0.0780024
6 0 7 9 5 12 2 3 1 8 11 10 4 13    -1    2436311370    300
