Instance    Distance
-----------------------------------------------------------------------------
9 7 1 0 3 4 5 10 2 6 12 8 11 13    22    32355    0.00365812
4 5 6 3 10 11 1 7 8 9 2 12 0 13    -1    2281146113    300
4 9 10 1 5 8 11 12 2 3 7 6 0 13    -1    2281738686    300
9 5 3 11 10 6 0 4 7 1 2 12 8 13    21    2802516    0.348602
4 10 2 5 6 7 0 12 11 9 3 8 1 13    -1    2276897626    300
9 6 11 3 1 0 12 7 8 2 10 5 4 13    22    4943984    0.669785
7 3 8 1 4 5 6 12 10 0 2 11 9 13    -1    2414919533    300
0 7 6 5 4 8 9 1 10 2 3 12 11 13    29    284313    0.0323382
9 12 11 0 7 1 2 3 8 6 5 4 10 13    -1    2378262691    300
7 2 0 3 4 8 1 6 5 9 10 12 11 13    -1    2490716690    300
