Instance    Distance
-----------------------------------------------------------------------------
7 5 8 0 12 4 10 11 6 2 1 3 9 13    26    1962057    0.217297
10 5 9 3 2 6 1 8 11 7 4 12 0 13    -1    2479456173    300
3 7 12 5 1 10 4 9 11 2 8 0 6 13    20    7464006    0.88428
2 12 5 4 6 10 0 8 3 1 11 7 9 13    19    1714988    0.216738
12 9 4 7 3 11 8 5 1 6 10 2 0 13    22    774573    0.100237
9 4 11 12 5 8 6 10 0 2 3 1 7 13    -1    2487201263    300
3 9 11 8 0 7 12 5 1 2 4 10 6 13    -1    2459960238    300
11 3 6 10 12 8 2 7 1 9 0 5 4 13    -1    2434931590    300
9 5 7 6 2 12 1 3 11 4 10 8 0 13    -1    2375503060    300
3 9 2 6 0 7 10 4 5 12 1 8 11 13    21    3055507    0.347491
