Instance    Distance
-----------------------------------------------------------------------------
12 7 1 2 3 11 10 5 4 8 9 6 0 13    29    67152    0.00871492
8 7 6 9 12 11 0 10 1 2 3 4 5 13    29    108063    0.0133315
10 9 2 12 4 3 1 11 5 6 7 8 0 13    19    61478    0.00759691
6 7 3 8 4 5 0 10 9 12 11 1 2 13    -1    2489679773    300
0 1 5 10 9 2 6 4 3 8 7 11 12 13    -1    2358686703    300
0 7 1 11 12 8 5 4 3 2 6 10 9 13    -1    2392563382    300
5 6 2 1 4 8 9 10 11 12 0 7 3 13    24    2047958    0.288676
6 11 0 1 2 3 4 7 8 12 5 10 9 13    -1    2580767514    300
9 8 11 1 2 3 10 6 5 4 0 7 12 13    -1    2607487880    300
3 4 1 0 5 6 7 10 11 12 8 9 2 13    15    25139    0.0028037
