Instance    Distance
-----------------------------------------------------------------------------
3 4 5 10 6 0 2 8 7 9 1 11    -1    2268743251    300
9 8 7 2 3 4 5 6 10 1 0 11    22    71886    0.0115824
4 8 1 9 10 0 3 5 6 7 2 11    -1    2260593599    300
0 10 9 8 7 5 2 1 4 3 6 11    -1    2236972587    300
8 9 2 6 0 5 4 10 7 3 1 11    -1    2263246351    300
8 1 2 7 3 0 5 4 9 10 6 11    18    48985    0.00744687
3 2 5 4 0 8 9 1 6 7 10 11    -1    2135082517    300
4 3 2 7 6 5 0 9 1 10 8 11    22    3084    0.000429376
1 3 10 9 7 8 2 6 5 4 0 11    26    155040    0.0246054
1 9 8 7 0 6 10 5 3 4 2 11    29    167244    0.0253239
