Instance    Distance
-----------------------------------------------------------------------------
8 4 5 10 9 7 0 1 2 3 6 11    -1    2215340877    300
8 4 3 2 9 5 6 10 1 0 7 11    34    903801435    125.61
0 1 2 9 4 5 7 8 3 6 10 11    -1    2195655507    300
8 7 1 0 4 5 6 9 2 3 10 11    -1    2188998501    300
0 10 9 2 1 6 7 3 4 5 8 11    -1    2176093874    300
8 3 2 10 9 4 1 7 6 5 0 11    24    544064    0.0765326
7 6 9 8 0 2 10 1 5 4 3 11    32    193575185    27.1501
1 5 4 3 2 0 8 10 9 7 6 11    14    8672    0.00121527
0 1 5 3 8 7 6 4 10 9 2 11    14    91451    0.0129368
0 7 6 2 1 8 5 10 9 3 4 11    -1    2135406650    300
