Instance    Distance
-----------------------------------------------------------------------------
0 7 3 5 4 9 10 8 6 1 2 11    -1    2202009055    300
6 7 4 3 5 2 1 0 9 8 10 11    -1    2167347630    300
8 5 7 4 9 1 0 2 3 10 6 11    -1    2167454927    300
10 1 5 4 3 0 8 9 7 6 2 11    25    24662    0.00333433
10 4 1 0 2 8 6 5 9 7 3 11    18    122503    0.0187688
9 0 7 10 4 8 2 6 1 3 5 11    -1    2112029515    300
3 0 6 7 8 1 5 4 10 2 9 11    -1    2102532331    300
7 5 4 8 6 10 3 9 1 0 2 11    22    112415    0.0147303
9 6 10 3 1 7 4 0 8 5 2 11    -1    2143081034    300
5 8 3 2 6 10 0 9 7 1 4 11    -1    2085533149    300
