Instance    Distance
-----------------------------------------------------------------------------
7 5 2 9 4 8 0 10 6 1 3 11    -1    2208635602    300
6 2 7 4 1 10 0 9 8 3 5 11    18    6211    0.000912331
6 7 0 3 10 4 8 9 5 1 2 11    -1    2196286837    300
8 10 6 3 1 2 4 7 0 5 9 11    25    280003    0.0379907
9 7 2 1 10 6 8 0 4 5 3 11    15    487329    0.0662718
3 10 4 2 7 5 6 9 0 1 8 11    -1    2103919994    300
10 0 5 4 1 9 8 7 3 6 2 11    21    88690    0.0123203
2 3 7 10 6 0 5 9 1 8 4 11    -1    2082628463    300
1 5 6 4 10 0 9 8 7 2 3 11    17    28014    0.00340198
9 7 0 10 4 6 5 8 2 3 1 11    -1    2172857038    300
