Instance    Distance
-----------------------------------------------------------------------------
5 4 0 9 1 8 6 10 2 3 7 11    -1    2160101433    300
8 3 1 6 10 9 4 7 5 2 0 11    22    23847    0.00315765
5 1 8 6 3 2 0 4 7 10 9 11    -1    2142865922    300
1 3 7 2 4 0 8 10 6 5 9 11    -1    2136640131    300
5 1 6 0 7 3 8 10 4 2 9 11    -1    2164481889    300
0 6 5 1 2 9 4 8 3 7 10 11    -1    2150983503    300
9 10 8 3 4 1 2 5 0 6 7 11    18    244778    0.0377491
6 2 4 0 8 3 10 9 7 5 1 11    -1    2055895767    300
4 10 9 2 6 8 0 1 5 3 7 11    20    130938    0.0180987
10 7 0 2 1 6 4 5 8 9 3 11    16    32117    0.00470829
