Instance    Distance
-----------------------------------------------------------------------------
9 14 1 7 3 6 10 5 4 2 12 15 11 8 0 13 16    31    15791164    1.94618
13 12 11 1 14 2 3 10 9 7 6 8 4 15 5 0 16    28    1820007    0.171827
0 10 3 7 6 5 12 9 8 13 14 1 4 11 2 15 16    40    31343281    3.01045
9 10 13 12 2 3 11 1 14 15 7 6 5 4 8 0 16    32    10694019    1.01068
13 1 2 6 14 3 7 9 5 4 10 11 12 15 0 8 16    27    19204015    1.83449
13 6 5 0 2 1 12 11 3 15 8 7 9 10 14 4 16    29    8243471    0.795547
13 1 15 14 3 4 0 7 6 5 12 2 8 9 10 11 16    34    5739543    0.542904
6 7 12 10 9 14 2 15 8 0 1 11 13 5 4 3 16    37    2385297    0.217677
5 12 14 7 8 11 13 15 1 2 3 4 0 9 10 6 16    36    2127203    0.209792
1 14 2 4 0 5 6 7 8 9 10 3 13 12 11 15 16    23    837290    0.0677151
