Instance    Distance
-----------------------------------------------------------------------------
6 3 8 14 10 7 0 13 12 15 1 5 11 4 9 2 16    43    74770126    7.85146
5 3 6 9 10 8 14 12 11 4 2 0 7 15 1 13 16    36    7201767    0.639118
15 5 12 2 3 7 4 1 6 9 10 13 11 14 0 8 16    29    28976230    2.54077
10 7 1 4 11 12 0 13 8 9 5 15 6 3 2 14 16    37    25357854    2.39428
2 9 3 14 13 15 5 7 11 12 1 4 0 10 6 8 16    26    26366047    2.733
9 4 2 15 10 7 0 3 5 12 8 1 14 13 6 11 16    28    1119027    0.109498
15 2 13 6 1 4 8 0 11 7 14 9 12 5 10 3 16    35    26386981    2.54626
9 15 10 3 11 8 13 0 14 12 2 1 4 7 5 6 16    39    5318216    0.516143
8 11 12 0 14 7 2 10 4 13 6 15 3 1 5 9 16    45    16718518    1.7087
7 10 3 2 5 6 8 13 12 0 15 4 1 14 11 9 16    28    47468932    4.46058
