Instance    Distance
-----------------------------------------------------------------------------
15 3 5 4 2 9 10 11 6 14 13 12 8 0 1 7 16    31    37822151    3.21571
2 3 13 11 0 4 5 6 7 8 9 10 14 15 12 1 16    36    24166048    2.7351
13 12 3 0 10 11 2 14 1 4 5 6 7 8 9 15 16    39    2118344    0.21662
9 8 12 13 14 15 2 1 0 5 11 3 7 6 4 10 16    42    26065882    2.61063
11 12 8 7 13 14 15 10 9 5 6 3 2 1 4 0 16    34    49404183    5.12538
10 2 12 5 6 7 8 11 0 9 14 15 1 13 3 4 16    28    3738031    0.398261
1 13 4 5 6 7 8 9 10 14 2 11 15 12 3 0 16    24    7014107    0.79969
8 0 1 2 3 4 5 13 15 7 10 11 9 6 14 12 16    29    9421427    0.854047
3 4 9 10 11 15 12 13 1 2 6 5 8 7 14 0 16    36    44356008    4.92379
0 1 3 4 9 5 2 7 6 10 11 12 13 15 14 8 16    12    272872    0.0274445
