Instance    Distance
-----------------------------------------------------------------------------
9 0 1 11 4 10 7 5 14 2 3 13 8 6 15 12 16    33    20253366    2.11933
7 1 14 4 2 5 15 12 9 3 8 13 10 11 6 0 16    25    36488244    3.53879
7 10 4 14 9 3 1 5 0 11 13 2 8 6 12 15 16    37    8409554    0.845057
4 13 2 10 0 14 11 6 3 8 15 12 7 1 5 9 16    41    313793243    26.3188
12 10 6 8 15 3 2 11 14 5 13 7 9 0 1 4 16    35    19147323    1.67763
3 13 4 12 14 5 10 11 1 9 6 8 15 0 7 2 16    29    8350396    0.834807
2 7 8 13 14 4 9 11 3 10 1 6 5 0 12 15 16    34    12387466    1.43001
1 9 0 8 2 12 3 11 6 4 15 13 7 10 14 5 16    32    1613310    0.180131
13 6 2 15 5 12 9 0 1 7 8 3 14 10 4 11 16    28    18259176    1.59389
2 9 11 13 0 1 5 3 4 12 14 15 8 6 10 7 16    36    4791057    0.502153
