Instance    Distance
-----------------------------------------------------------------------------
4 5 6 7 8 9 10 11 12 15 3 0 13 14 2 1 16    31    5523816    0.568318
12 11 10 0 13 14 15 1 2 3 4 7 8 9 5 6 16    46    58896388    5.62278
0 1 4 5 9 8 11 10 6 14 13 12 7 15 2 3 16    29    17444881    1.55434
15 3 2 1 14 4 5 10 11 7 6 13 12 8 9 0 16    37    2733057    0.269652
9 8 14 15 13 12 10 0 1 2 3 4 5 6 7 11 16    33    13403968    1.50332
15 14 1 0 2 3 4 5 10 11 7 6 9 8 12 13 16    31    6501832    0.595066
15 14 1 0 2 3 4 5 6 7 8 9 10 11 12 13 16    30    3247210    0.335195
0 3 4 5 6 7 8 9 2 13 14 10 1 11 12 15 16    25    148602    0.0160829
0 1 2 3 8 6 5 4 13 14 7 9 10 12 11 15 16    25    21483694    2.02884
3 7 6 5 10 9 8 4 14 13 12 11 0 1 2 15 16    29    5036227    0.474041
